/*--------------------------------*- C++ -*----------------------------------*\
| =========                 |                                                 |
| \\      /  F ield         | OpenFOAM: The Open Source CFD Toolbox           |
|  \\    /   O peration     | Version:  dev                                   |
|   \\  /    A nd           | Web:      www.OpenFOAM.org                      |
|    \\/     M anipulation  |                                                 |
\*---------------------------------------------------------------------------*/
FoamFile
{
    version     2.0;
    format      ascii;
    class       faceList;
    location    "constant/polyMesh";
    object      faces;
}
// * * * * * * * * * * * * * * * * * * * * * * * * * * * * * * * * * * * * * //
1847
(
4(1 8 71 64)
4(8 7 70 71)
4(63 64 71 70)
4(2 9 72 65)
4(9 8 71 72)
4(64 65 72 71)
4(3 10 73 66)
4(10 9 72 73)
4(65 66 73 72)
4(4 11 74 67)
4(11 10 73 74)
4(66 67 74 73)
4(5 12 75 68)
4(12 11 74 75)
4(67 68 75 74)
4(13 12 75 76)
4(68 69 76 75)
4(8 15 78 71)
4(15 14 77 78)
4(70 71 78 77)
4(9 16 79 72)
4(16 15 78 79)
4(71 72 79 78)
4(10 17 80 73)
4(17 16 79 80)
4(72 73 80 79)
4(11 18 81 74)
4(18 17 80 81)
4(73 74 81 80)
4(12 19 82 75)
4(19 18 81 82)
4(74 75 82 81)
4(20 19 82 83)
4(75 76 83 82)
4(15 22 85 78)
4(22 21 84 85)
4(77 78 85 84)
4(16 23 86 79)
4(23 22 85 86)
4(78 79 86 85)
4(17 24 87 80)
4(24 23 86 87)
4(79 80 87 86)
4(18 25 88 81)
4(25 24 87 88)
4(80 81 88 87)
4(19 26 89 82)
4(26 25 88 89)
4(81 82 89 88)
4(27 26 89 90)
4(82 83 90 89)
4(22 29 92 85)
4(29 28 91 92)
4(84 85 92 91)
4(23 30 93 86)
4(30 29 92 93)
4(85 86 93 92)
4(24 31 94 87)
4(31 30 93 94)
4(86 87 94 93)
4(25 32 95 88)
4(32 31 94 95)
4(87 88 95 94)
4(26 33 96 89)
4(33 32 95 96)
4(88 89 96 95)
4(34 33 96 97)
4(89 90 97 96)
4(29 36 99 92)
4(36 35 98 99)
4(91 92 99 98)
4(30 37 100 93)
4(37 36 99 100)
4(92 93 100 99)
4(31 38 101 94)
4(38 37 100 101)
4(93 94 101 100)
4(32 39 102 95)
4(39 38 101 102)
4(94 95 102 101)
4(33 40 103 96)
4(40 39 102 103)
4(95 96 103 102)
4(41 40 103 104)
4(96 97 104 103)
4(36 43 106 99)
4(43 42 105 106)
4(98 99 106 105)
4(37 44 107 100)
4(44 43 106 107)
4(99 100 107 106)
4(38 45 108 101)
4(45 44 107 108)
4(100 101 108 107)
4(39 46 109 102)
4(46 45 108 109)
4(101 102 109 108)
4(40 47 110 103)
4(47 46 109 110)
4(102 103 110 109)
4(48 47 110 111)
4(103 104 111 110)
4(43 50 113 106)
4(50 49 112 113)
4(105 106 113 112)
4(44 51 114 107)
4(51 50 113 114)
4(106 107 114 113)
4(45 52 115 108)
4(52 51 114 115)
4(107 108 115 114)
4(46 53 116 109)
4(53 52 115 116)
4(108 109 116 115)
4(47 54 117 110)
4(54 53 116 117)
4(109 110 117 116)
4(55 54 117 118)
4(110 111 118 117)
4(50 57 120 113)
4(112 113 120 119)
4(51 58 121 114)
4(113 114 121 120)
4(52 59 122 115)
4(114 115 122 121)
4(53 60 123 116)
4(115 116 123 122)
4(54 61 124 117)
4(116 117 124 123)
4(117 118 125 124)
4(64 71 134 127)
4(71 70 133 134)
4(126 127 134 133)
4(65 72 135 128)
4(72 71 134 135)
4(127 128 135 134)
4(66 73 136 129)
4(73 72 135 136)
4(128 129 136 135)
4(67 74 137 130)
4(74 73 136 137)
4(129 130 137 136)
4(68 75 138 131)
4(75 74 137 138)
4(130 131 138 137)
4(76 75 138 139)
4(131 132 139 138)
4(71 78 141 134)
4(78 77 140 141)
4(133 134 141 140)
4(72 79 142 135)
4(79 78 141 142)
4(134 135 142 141)
4(73 80 143 136)
4(80 79 142 143)
4(135 136 143 142)
4(74 81 144 137)
4(81 80 143 144)
4(136 137 144 143)
4(75 82 145 138)
4(82 81 144 145)
4(137 138 145 144)
4(83 82 145 146)
4(138 139 146 145)
4(78 85 148 141)
4(85 84 147 148)
4(140 141 148 147)
4(79 86 149 142)
4(86 85 148 149)
4(141 142 149 148)
4(80 87 150 143)
4(87 86 149 150)
4(142 143 150 149)
4(81 88 151 144)
4(88 87 150 151)
4(143 144 151 150)
4(82 89 152 145)
4(89 88 151 152)
4(144 145 152 151)
4(90 89 152 153)
4(145 146 153 152)
4(85 92 155 148)
4(92 91 154 155)
4(147 148 155 154)
4(86 93 156 149)
4(93 92 155 156)
4(148 149 156 155)
4(87 94 157 150)
4(94 93 156 157)
4(149 150 157 156)
4(88 95 158 151)
4(95 94 157 158)
4(150 151 158 157)
4(89 96 159 152)
4(96 95 158 159)
4(151 152 159 158)
4(97 96 159 160)
4(152 153 160 159)
4(92 99 162 155)
4(99 98 161 162)
4(154 155 162 161)
4(93 100 163 156)
4(100 99 162 163)
4(155 156 163 162)
4(94 101 164 157)
4(101 100 163 164)
4(156 157 164 163)
4(95 102 165 158)
4(102 101 164 165)
4(157 158 165 164)
4(96 103 166 159)
4(103 102 165 166)
4(158 159 166 165)
4(104 103 166 167)
4(159 160 167 166)
4(99 106 169 162)
4(106 105 168 169)
4(161 162 169 168)
4(100 107 170 163)
4(107 106 169 170)
4(162 163 170 169)
4(101 108 171 164)
4(108 107 170 171)
4(163 164 171 170)
4(102 109 172 165)
4(109 108 171 172)
4(164 165 172 171)
4(103 110 173 166)
4(110 109 172 173)
4(165 166 173 172)
4(111 110 173 174)
4(166 167 174 173)
4(106 113 176 169)
4(113 112 175 176)
4(168 169 176 175)
4(107 114 177 170)
4(114 113 176 177)
4(169 170 177 176)
4(108 115 178 171)
4(115 114 177 178)
4(170 171 178 177)
4(109 116 179 172)
4(116 115 178 179)
4(171 172 179 178)
4(110 117 180 173)
4(117 116 179 180)
4(172 173 180 179)
4(118 117 180 181)
4(173 174 181 180)
4(113 120 183 176)
4(175 176 183 182)
4(114 121 184 177)
4(176 177 184 183)
4(115 122 185 178)
4(177 178 185 184)
4(116 123 186 179)
4(178 179 186 185)
4(117 124 187 180)
4(179 180 187 186)
4(180 181 188 187)
4(127 134 197 190)
4(134 133 196 197)
4(189 190 197 196)
4(128 135 198 191)
4(135 134 197 198)
4(190 191 198 197)
4(129 136 199 192)
4(136 135 198 199)
4(191 192 199 198)
4(130 137 200 193)
4(137 136 199 200)
4(192 193 200 199)
4(131 138 201 194)
4(138 137 200 201)
4(193 194 201 200)
4(139 138 201 202)
4(194 195 202 201)
4(134 141 204 197)
4(141 140 203 204)
4(196 197 204 203)
4(135 142 205 198)
4(142 141 204 205)
4(197 198 205 204)
4(136 143 206 199)
4(143 142 205 206)
4(198 199 206 205)
4(137 144 207 200)
4(144 143 206 207)
4(199 200 207 206)
4(138 145 208 201)
4(145 144 207 208)
4(200 201 208 207)
4(146 145 208 209)
4(201 202 209 208)
4(141 148 211 204)
4(148 147 210 211)
4(203 204 211 210)
4(142 149 212 205)
4(149 148 211 212)
4(204 205 212 211)
4(143 150 213 206)
4(150 149 212 213)
4(205 206 213 212)
4(144 151 214 207)
4(151 150 213 214)
4(206 207 214 213)
4(145 152 215 208)
4(152 151 214 215)
4(207 208 215 214)
4(153 152 215 216)
4(208 209 216 215)
4(148 155 218 211)
4(155 154 217 218)
4(210 211 218 217)
4(149 156 219 212)
4(156 155 218 219)
4(211 212 219 218)
4(150 157 220 213)
4(157 156 219 220)
4(212 213 220 219)
4(151 158 221 214)
4(158 157 220 221)
4(213 214 221 220)
4(152 159 222 215)
4(159 158 221 222)
4(214 215 222 221)
4(160 159 222 223)
4(215 216 223 222)
4(155 162 225 218)
4(162 161 224 225)
4(217 218 225 224)
4(156 163 226 219)
4(163 162 225 226)
4(218 219 226 225)
4(157 164 227 220)
4(164 163 226 227)
4(219 220 227 226)
4(158 165 228 221)
4(165 164 227 228)
4(220 221 228 227)
4(159 166 229 222)
4(166 165 228 229)
4(221 222 229 228)
4(167 166 229 230)
4(222 223 230 229)
4(162 169 232 225)
4(169 168 231 232)
4(224 225 232 231)
4(163 170 233 226)
4(170 169 232 233)
4(225 226 233 232)
4(164 171 234 227)
4(171 170 233 234)
4(226 227 234 233)
4(165 172 235 228)
4(172 171 234 235)
4(227 228 235 234)
4(166 173 236 229)
4(173 172 235 236)
4(228 229 236 235)
4(174 173 236 237)
4(229 230 237 236)
4(169 176 239 232)
4(176 175 238 239)
4(231 232 239 238)
4(170 177 240 233)
4(177 176 239 240)
4(232 233 240 239)
4(171 178 241 234)
4(178 177 240 241)
4(233 234 241 240)
4(172 179 242 235)
4(179 178 241 242)
4(234 235 242 241)
4(173 180 243 236)
4(180 179 242 243)
4(235 236 243 242)
4(181 180 243 244)
4(236 237 244 243)
4(176 183 246 239)
4(238 239 246 245)
4(177 184 247 240)
4(239 240 247 246)
4(178 185 248 241)
4(240 241 248 247)
4(179 186 249 242)
4(241 242 249 248)
4(180 187 250 243)
4(242 243 250 249)
4(243 244 251 250)
4(190 197 260 253)
4(197 196 259 260)
4(252 253 260 259)
4(191 198 261 254)
4(198 197 260 261)
4(253 254 261 260)
4(192 199 262 255)
4(199 198 261 262)
4(254 255 262 261)
4(193 200 263 256)
4(200 199 262 263)
4(255 256 263 262)
4(194 201 264 257)
4(201 200 263 264)
4(256 257 264 263)
4(202 201 264 265)
4(257 258 265 264)
4(197 204 267 260)
4(204 203 266 267)
4(259 260 267 266)
4(198 205 268 261)
4(205 204 267 268)
4(260 261 268 267)
4(199 206 269 262)
4(206 205 268 269)
4(261 262 269 268)
4(200 207 270 263)
4(207 206 269 270)
4(262 263 270 269)
4(201 208 271 264)
4(208 207 270 271)
4(263 264 271 270)
4(209 208 271 272)
4(264 265 272 271)
4(204 211 274 267)
4(211 210 273 274)
4(266 267 274 273)
4(205 212 275 268)
4(212 211 274 275)
4(267 268 275 274)
4(206 213 276 269)
4(213 212 275 276)
4(268 269 276 275)
4(207 214 277 270)
4(214 213 276 277)
4(269 270 277 276)
4(208 215 278 271)
4(215 214 277 278)
4(270 271 278 277)
4(216 215 278 279)
4(271 272 279 278)
4(211 218 281 274)
4(218 217 280 281)
4(273 274 281 280)
4(212 219 282 275)
4(219 218 281 282)
4(274 275 282 281)
4(213 220 283 276)
4(220 219 282 283)
4(275 276 283 282)
4(214 221 284 277)
4(221 220 283 284)
4(276 277 284 283)
4(215 222 285 278)
4(222 221 284 285)
4(277 278 285 284)
4(223 222 285 286)
4(278 279 286 285)
4(218 225 288 281)
4(225 224 287 288)
4(280 281 288 287)
4(219 226 289 282)
4(226 225 288 289)
4(281 282 289 288)
4(220 227 290 283)
4(227 226 289 290)
4(282 283 290 289)
4(221 228 291 284)
4(228 227 290 291)
4(283 284 291 290)
4(222 229 292 285)
4(229 228 291 292)
4(284 285 292 291)
4(230 229 292 293)
4(285 286 293 292)
4(225 232 295 288)
4(232 231 294 295)
4(287 288 295 294)
4(226 233 296 289)
4(233 232 295 296)
4(288 289 296 295)
4(227 234 297 290)
4(234 233 296 297)
4(289 290 297 296)
4(228 235 298 291)
4(235 234 297 298)
4(290 291 298 297)
4(229 236 299 292)
4(236 235 298 299)
4(291 292 299 298)
4(237 236 299 300)
4(292 293 300 299)
4(232 239 302 295)
4(239 238 301 302)
4(294 295 302 301)
4(233 240 303 296)
4(240 239 302 303)
4(295 296 303 302)
4(234 241 304 297)
4(241 240 303 304)
4(296 297 304 303)
4(235 242 305 298)
4(242 241 304 305)
4(297 298 305 304)
4(236 243 306 299)
4(243 242 305 306)
4(298 299 306 305)
4(244 243 306 307)
4(299 300 307 306)
4(239 246 309 302)
4(301 302 309 308)
4(240 247 310 303)
4(302 303 310 309)
4(241 248 311 304)
4(303 304 311 310)
4(242 249 312 305)
4(304 305 312 311)
4(243 250 313 306)
4(305 306 313 312)
4(306 307 314 313)
4(253 260 323 316)
4(260 259 322 323)
4(315 316 323 322)
4(254 261 324 317)
4(261 260 323 324)
4(316 317 324 323)
4(255 262 325 318)
4(262 261 324 325)
4(317 318 325 324)
4(256 263 326 319)
4(263 262 325 326)
4(318 319 326 325)
4(257 264 327 320)
4(264 263 326 327)
4(319 320 327 326)
4(265 264 327 328)
4(320 321 328 327)
4(260 267 330 323)
4(267 266 329 330)
4(322 323 330 329)
4(261 268 331 324)
4(268 267 330 331)
4(323 324 331 330)
4(262 269 332 325)
4(269 268 331 332)
4(324 325 332 331)
4(263 270 333 326)
4(270 269 332 333)
4(325 326 333 332)
4(264 271 334 327)
4(271 270 333 334)
4(326 327 334 333)
4(272 271 334 335)
4(327 328 335 334)
4(267 274 337 330)
4(274 273 336 337)
4(329 330 337 336)
4(268 275 338 331)
4(275 274 337 338)
4(330 331 338 337)
4(269 276 339 332)
4(276 275 338 339)
4(331 332 339 338)
4(270 277 340 333)
4(277 276 339 340)
4(332 333 340 339)
4(271 278 341 334)
4(278 277 340 341)
4(333 334 341 340)
4(279 278 341 342)
4(334 335 342 341)
4(274 281 344 337)
4(281 280 343 344)
4(336 337 344 343)
4(275 282 345 338)
4(282 281 344 345)
4(337 338 345 344)
4(276 283 346 339)
4(283 282 345 346)
4(338 339 346 345)
4(277 284 347 340)
4(284 283 346 347)
4(339 340 347 346)
4(278 285 348 341)
4(285 284 347 348)
4(340 341 348 347)
4(286 285 348 349)
4(341 342 349 348)
4(281 288 351 344)
4(288 287 350 351)
4(343 344 351 350)
4(282 289 352 345)
4(289 288 351 352)
4(344 345 352 351)
4(283 290 353 346)
4(290 289 352 353)
4(345 346 353 352)
4(284 291 354 347)
4(291 290 353 354)
4(346 347 354 353)
4(285 292 355 348)
4(292 291 354 355)
4(347 348 355 354)
4(293 292 355 356)
4(348 349 356 355)
4(288 295 358 351)
4(295 294 357 358)
4(350 351 358 357)
4(289 296 359 352)
4(296 295 358 359)
4(351 352 359 358)
4(290 297 360 353)
4(297 296 359 360)
4(352 353 360 359)
4(291 298 361 354)
4(298 297 360 361)
4(353 354 361 360)
4(292 299 362 355)
4(299 298 361 362)
4(354 355 362 361)
4(300 299 362 363)
4(355 356 363 362)
4(295 302 365 358)
4(302 301 364 365)
4(357 358 365 364)
4(296 303 366 359)
4(303 302 365 366)
4(358 359 366 365)
4(297 304 367 360)
4(304 303 366 367)
4(359 360 367 366)
4(298 305 368 361)
4(305 304 367 368)
4(360 361 368 367)
4(299 306 369 362)
4(306 305 368 369)
4(361 362 369 368)
4(307 306 369 370)
4(362 363 370 369)
4(302 309 372 365)
4(364 365 372 371)
4(303 310 373 366)
4(365 366 373 372)
4(304 311 374 367)
4(366 367 374 373)
4(305 312 375 368)
4(367 368 375 374)
4(306 313 376 369)
4(368 369 376 375)
4(369 370 377 376)
4(316 323 386 379)
4(323 322 385 386)
4(378 379 386 385)
4(317 324 387 380)
4(324 323 386 387)
4(379 380 387 386)
4(318 325 388 381)
4(325 324 387 388)
4(380 381 388 387)
4(319 326 389 382)
4(326 325 388 389)
4(381 382 389 388)
4(320 327 390 383)
4(327 326 389 390)
4(382 383 390 389)
4(328 327 390 391)
4(383 384 391 390)
4(323 330 393 386)
4(330 329 392 393)
4(385 386 393 392)
4(324 331 394 387)
4(331 330 393 394)
4(386 387 394 393)
4(325 332 395 388)
4(332 331 394 395)
4(387 388 395 394)
4(326 333 396 389)
4(333 332 395 396)
4(388 389 396 395)
4(327 334 397 390)
4(334 333 396 397)
4(389 390 397 396)
4(335 334 397 398)
4(390 391 398 397)
4(330 337 400 393)
4(337 336 399 400)
4(392 393 400 399)
4(331 338 401 394)
4(338 337 400 401)
4(393 394 401 400)
4(332 339 402 395)
4(339 338 401 402)
4(394 395 402 401)
4(333 340 403 396)
4(340 339 402 403)
4(395 396 403 402)
4(334 341 404 397)
4(341 340 403 404)
4(396 397 404 403)
4(342 341 404 405)
4(397 398 405 404)
4(337 344 407 400)
4(344 343 406 407)
4(399 400 407 406)
4(338 345 408 401)
4(345 344 407 408)
4(400 401 408 407)
4(339 346 409 402)
4(346 345 408 409)
4(401 402 409 408)
4(340 347 410 403)
4(347 346 409 410)
4(402 403 410 409)
4(341 348 411 404)
4(348 347 410 411)
4(403 404 411 410)
4(349 348 411 412)
4(404 405 412 411)
4(344 351 414 407)
4(351 350 413 414)
4(406 407 414 413)
4(345 352 415 408)
4(352 351 414 415)
4(407 408 415 414)
4(346 353 416 409)
4(353 352 415 416)
4(408 409 416 415)
4(347 354 417 410)
4(354 353 416 417)
4(409 410 417 416)
4(348 355 418 411)
4(355 354 417 418)
4(410 411 418 417)
4(356 355 418 419)
4(411 412 419 418)
4(351 358 421 414)
4(358 357 420 421)
4(413 414 421 420)
4(352 359 422 415)
4(359 358 421 422)
4(414 415 422 421)
4(353 360 423 416)
4(360 359 422 423)
4(415 416 423 422)
4(354 361 424 417)
4(361 360 423 424)
4(416 417 424 423)
4(355 362 425 418)
4(362 361 424 425)
4(417 418 425 424)
4(363 362 425 426)
4(418 419 426 425)
4(358 365 428 421)
4(365 364 427 428)
4(420 421 428 427)
4(359 366 429 422)
4(366 365 428 429)
4(421 422 429 428)
4(360 367 430 423)
4(367 366 429 430)
4(422 423 430 429)
4(361 368 431 424)
4(368 367 430 431)
4(423 424 431 430)
4(362 369 432 425)
4(369 368 431 432)
4(424 425 432 431)
4(370 369 432 433)
4(425 426 433 432)
4(365 372 435 428)
4(427 428 435 434)
4(366 373 436 429)
4(428 429 436 435)
4(367 374 437 430)
4(429 430 437 436)
4(368 375 438 431)
4(430 431 438 437)
4(369 376 439 432)
4(431 432 439 438)
4(432 433 440 439)
4(379 386 449 442)
4(386 385 448 449)
4(441 442 449 448)
4(380 387 450 443)
4(387 386 449 450)
4(442 443 450 449)
4(381 388 451 444)
4(388 387 450 451)
4(443 444 451 450)
4(382 389 452 445)
4(389 388 451 452)
4(444 445 452 451)
4(383 390 453 446)
4(390 389 452 453)
4(445 446 453 452)
4(391 390 453 454)
4(446 447 454 453)
4(386 393 456 449)
4(393 392 455 456)
4(448 449 456 455)
4(387 394 457 450)
4(394 393 456 457)
4(449 450 457 456)
4(388 395 458 451)
4(395 394 457 458)
4(450 451 458 457)
4(389 396 459 452)
4(396 395 458 459)
4(451 452 459 458)
4(390 397 460 453)
4(397 396 459 460)
4(452 453 460 459)
4(398 397 460 461)
4(453 454 461 460)
4(393 400 463 456)
4(400 399 462 463)
4(455 456 463 462)
4(394 401 464 457)
4(401 400 463 464)
4(456 457 464 463)
4(395 402 465 458)
4(402 401 464 465)
4(457 458 465 464)
4(396 403 466 459)
4(403 402 465 466)
4(458 459 466 465)
4(397 404 467 460)
4(404 403 466 467)
4(459 460 467 466)
4(405 404 467 468)
4(460 461 468 467)
4(400 407 470 463)
4(407 406 469 470)
4(462 463 470 469)
4(401 408 471 464)
4(408 407 470 471)
4(463 464 471 470)
4(402 409 472 465)
4(409 408 471 472)
4(464 465 472 471)
4(403 410 473 466)
4(410 409 472 473)
4(465 466 473 472)
4(404 411 474 467)
4(411 410 473 474)
4(466 467 474 473)
4(412 411 474 475)
4(467 468 475 474)
4(407 414 477 470)
4(414 413 476 477)
4(469 470 477 476)
4(408 415 478 471)
4(415 414 477 478)
4(470 471 478 477)
4(409 416 479 472)
4(416 415 478 479)
4(471 472 479 478)
4(410 417 480 473)
4(417 416 479 480)
4(472 473 480 479)
4(411 418 481 474)
4(418 417 480 481)
4(473 474 481 480)
4(419 418 481 482)
4(474 475 482 481)
4(414 421 484 477)
4(421 420 483 484)
4(476 477 484 483)
4(415 422 485 478)
4(422 421 484 485)
4(477 478 485 484)
4(416 423 486 479)
4(423 422 485 486)
4(478 479 486 485)
4(417 424 487 480)
4(424 423 486 487)
4(479 480 487 486)
4(418 425 488 481)
4(425 424 487 488)
4(480 481 488 487)
4(426 425 488 489)
4(481 482 489 488)
4(421 428 491 484)
4(428 427 490 491)
4(483 484 491 490)
4(422 429 492 485)
4(429 428 491 492)
4(484 485 492 491)
4(423 430 493 486)
4(430 429 492 493)
4(485 486 493 492)
4(424 431 494 487)
4(431 430 493 494)
4(486 487 494 493)
4(425 432 495 488)
4(432 431 494 495)
4(487 488 495 494)
4(433 432 495 496)
4(488 489 496 495)
4(428 435 498 491)
4(490 491 498 497)
4(429 436 499 492)
4(491 492 499 498)
4(430 437 500 493)
4(492 493 500 499)
4(431 438 501 494)
4(493 494 501 500)
4(432 439 502 495)
4(494 495 502 501)
4(495 496 503 502)
4(442 449 512 505)
4(449 448 511 512)
4(443 450 513 506)
4(450 449 512 513)
4(444 451 514 507)
4(451 450 513 514)
4(445 452 515 508)
4(452 451 514 515)
4(446 453 516 509)
4(453 452 515 516)
4(454 453 516 517)
4(449 456 519 512)
4(456 455 518 519)
4(450 457 520 513)
4(457 456 519 520)
4(451 458 521 514)
4(458 457 520 521)
4(452 459 522 515)
4(459 458 521 522)
4(453 460 523 516)
4(460 459 522 523)
4(461 460 523 524)
4(456 463 526 519)
4(463 462 525 526)
4(457 464 527 520)
4(464 463 526 527)
4(458 465 528 521)
4(465 464 527 528)
4(459 466 529 522)
4(466 465 528 529)
4(460 467 530 523)
4(467 466 529 530)
4(468 467 530 531)
4(463 470 533 526)
4(470 469 532 533)
4(464 471 534 527)
4(471 470 533 534)
4(465 472 535 528)
4(472 471 534 535)
4(466 473 536 529)
4(473 472 535 536)
4(467 474 537 530)
4(474 473 536 537)
4(475 474 537 538)
4(470 477 540 533)
4(477 476 539 540)
4(471 478 541 534)
4(478 477 540 541)
4(472 479 542 535)
4(479 478 541 542)
4(473 480 543 536)
4(480 479 542 543)
4(474 481 544 537)
4(481 480 543 544)
4(482 481 544 545)
4(477 484 547 540)
4(484 483 546 547)
4(478 485 548 541)
4(485 484 547 548)
4(479 486 549 542)
4(486 485 548 549)
4(480 487 550 543)
4(487 486 549 550)
4(481 488 551 544)
4(488 487 550 551)
4(489 488 551 552)
4(484 491 554 547)
4(491 490 553 554)
4(485 492 555 548)
4(492 491 554 555)
4(486 493 556 549)
4(493 492 555 556)
4(487 494 557 550)
4(494 493 556 557)
4(488 495 558 551)
4(495 494 557 558)
4(496 495 558 559)
4(491 498 561 554)
4(492 499 562 555)
4(493 500 563 556)
4(494 501 564 557)
4(495 502 565 558)
4(568 575 617 610)
4(575 574 616 617)
4(609 610 617 616)
4(569 576 618 611)
4(576 575 617 618)
4(610 611 618 617)
4(570 577 619 612)
4(577 576 618 619)
4(611 612 619 618)
4(571 578 620 613)
4(578 577 619 620)
4(612 613 620 619)
4(572 579 621 614)
4(579 578 620 621)
4(613 614 621 620)
4(580 579 621 622)
4(614 615 622 621)
4(575 582 624 617)
4(582 581 623 624)
4(616 617 624 623)
4(576 583 625 618)
4(583 582 624 625)
4(617 618 625 624)
4(577 584 626 619)
4(584 583 625 626)
4(618 619 626 625)
4(578 585 627 620)
4(585 584 626 627)
4(619 620 627 626)
4(579 586 628 621)
4(586 585 627 628)
4(620 621 628 627)
4(587 586 628 629)
4(621 622 629 628)
4(582 589 631 624)
4(589 588 630 631)
4(623 624 631 630)
4(583 590 632 625)
4(590 589 631 632)
4(624 625 632 631)
4(584 591 633 626)
4(591 590 632 633)
4(625 626 633 632)
4(585 592 634 627)
4(592 591 633 634)
4(626 627 634 633)
4(586 593 635 628)
4(593 592 634 635)
4(627 628 635 634)
4(594 593 635 636)
4(628 629 636 635)
4(589 596 638 631)
4(596 595 637 638)
4(630 631 638 637)
4(590 597 639 632)
4(597 596 638 639)
4(631 632 639 638)
4(591 598 640 633)
4(598 597 639 640)
4(632 633 640 639)
4(592 599 641 634)
4(599 598 640 641)
4(633 634 641 640)
4(593 600 642 635)
4(600 599 641 642)
4(634 635 642 641)
4(601 600 642 643)
4(635 636 643 642)
4(596 603 645 638)
4(637 638 645 644)
4(597 604 646 639)
4(638 639 646 645)
4(598 605 647 640)
4(639 640 647 646)
4(599 606 648 641)
4(640 641 648 647)
4(600 607 649 642)
4(641 642 649 648)
4(642 643 650 649)
4(610 617 659 652)
4(617 616 658 659)
4(651 652 659 658)
4(611 618 660 653)
4(618 617 659 660)
4(652 653 660 659)
4(612 619 661 654)
4(619 618 660 661)
4(653 654 661 660)
4(613 620 662 655)
4(620 619 661 662)
4(654 655 662 661)
4(614 621 663 656)
4(621 620 662 663)
4(655 656 663 662)
4(622 621 663 664)
4(656 657 664 663)
4(617 624 666 659)
4(624 623 665 666)
4(658 659 666 665)
4(618 625 667 660)
4(625 624 666 667)
4(659 660 667 666)
4(619 626 668 661)
4(626 625 667 668)
4(660 661 668 667)
4(620 627 669 662)
4(627 626 668 669)
4(661 662 669 668)
4(621 628 670 663)
4(628 627 669 670)
4(662 663 670 669)
4(629 628 670 671)
4(663 664 671 670)
4(624 631 673 666)
4(631 630 672 673)
4(665 666 673 672)
4(625 632 674 667)
4(632 631 673 674)
4(666 667 674 673)
4(626 633 675 668)
4(633 632 674 675)
4(667 668 675 674)
4(627 634 676 669)
4(634 633 675 676)
4(668 669 676 675)
4(628 635 677 670)
4(635 634 676 677)
4(669 670 677 676)
4(636 635 677 678)
4(670 671 678 677)
4(631 638 680 673)
4(638 637 679 680)
4(672 673 680 679)
4(632 639 681 674)
4(639 638 680 681)
4(673 674 681 680)
4(633 640 682 675)
4(640 639 681 682)
4(674 675 682 681)
4(634 641 683 676)
4(641 640 682 683)
4(675 676 683 682)
4(635 642 684 677)
4(642 641 683 684)
4(676 677 684 683)
4(643 642 684 685)
4(677 678 685 684)
4(638 645 687 680)
4(679 680 687 686)
4(639 646 688 681)
4(680 681 688 687)
4(640 647 689 682)
4(681 682 689 688)
4(641 648 690 683)
4(682 683 690 689)
4(642 649 691 684)
4(683 684 691 690)
4(684 685 692 691)
4(652 659 701 694)
4(659 658 700 701)
4(693 694 701 700)
4(653 660 702 695)
4(660 659 701 702)
4(694 695 702 701)
4(654 661 703 696)
4(661 660 702 703)
4(695 696 703 702)
4(655 662 704 697)
4(662 661 703 704)
4(696 697 704 703)
4(656 663 705 698)
4(663 662 704 705)
4(697 698 705 704)
4(664 663 705 706)
4(698 699 706 705)
4(659 666 708 701)
4(666 665 707 708)
4(700 701 708 707)
4(660 667 709 702)
4(667 666 708 709)
4(701 702 709 708)
4(661 668 710 703)
4(668 667 709 710)
4(702 703 710 709)
4(662 669 711 704)
4(669 668 710 711)
4(703 704 711 710)
4(663 670 712 705)
4(670 669 711 712)
4(704 705 712 711)
4(671 670 712 713)
4(705 706 713 712)
4(666 673 715 708)
4(673 672 714 715)
4(707 708 715 714)
4(667 674 716 709)
4(674 673 715 716)
4(708 709 716 715)
4(668 675 717 710)
4(675 674 716 717)
4(709 710 717 716)
4(669 676 718 711)
4(676 675 717 718)
4(710 711 718 717)
4(670 677 719 712)
4(677 676 718 719)
4(711 712 719 718)
4(678 677 719 720)
4(712 713 720 719)
4(673 680 722 715)
4(680 679 721 722)
4(714 715 722 721)
4(674 681 723 716)
4(681 680 722 723)
4(715 716 723 722)
4(675 682 724 717)
4(682 681 723 724)
4(716 717 724 723)
4(676 683 725 718)
4(683 682 724 725)
4(717 718 725 724)
4(677 684 726 719)
4(684 683 725 726)
4(718 719 726 725)
4(685 684 726 727)
4(719 720 727 726)
4(680 687 729 722)
4(721 722 729 728)
4(681 688 730 723)
4(722 723 730 729)
4(682 689 731 724)
4(723 724 731 730)
4(683 690 732 725)
4(724 725 732 731)
4(684 691 733 726)
4(725 726 733 732)
4(726 727 734 733)
4(694 701 743 736)
4(701 700 742 743)
4(735 736 743 742)
4(695 702 744 737)
4(702 701 743 744)
4(736 737 744 743)
4(696 703 745 738)
4(703 702 744 745)
4(737 738 745 744)
4(697 704 746 739)
4(704 703 745 746)
4(738 739 746 745)
4(698 705 747 740)
4(705 704 746 747)
4(739 740 747 746)
4(706 705 747 748)
4(740 741 748 747)
4(701 708 750 743)
4(708 707 749 750)
4(742 743 750 749)
4(702 709 751 744)
4(709 708 750 751)
4(743 744 751 750)
4(703 710 752 745)
4(710 709 751 752)
4(744 745 752 751)
4(704 711 753 746)
4(711 710 752 753)
4(745 746 753 752)
4(705 712 754 747)
4(712 711 753 754)
4(746 747 754 753)
4(713 712 754 755)
4(747 748 755 754)
4(708 715 757 750)
4(715 714 756 757)
4(749 750 757 756)
4(709 716 758 751)
4(716 715 757 758)
4(750 751 758 757)
4(710 717 759 752)
4(717 716 758 759)
4(751 752 759 758)
4(711 718 760 753)
4(718 717 759 760)
4(752 753 760 759)
4(712 719 761 754)
4(719 718 760 761)
4(753 754 761 760)
4(720 719 761 762)
4(754 755 762 761)
4(715 722 764 757)
4(722 721 763 764)
4(756 757 764 763)
4(716 723 765 758)
4(723 722 764 765)
4(757 758 765 764)
4(717 724 766 759)
4(724 723 765 766)
4(758 759 766 765)
4(718 725 767 760)
4(725 724 766 767)
4(759 760 767 766)
4(719 726 768 761)
4(726 725 767 768)
4(760 761 768 767)
4(727 726 768 769)
4(761 762 769 768)
4(722 729 771 764)
4(763 764 771 770)
4(723 730 772 765)
4(764 765 772 771)
4(724 731 773 766)
4(765 766 773 772)
4(725 732 774 767)
4(766 767 774 773)
4(726 733 775 768)
4(767 768 775 774)
4(768 769 776 775)
4(736 743 785 778)
4(743 742 784 785)
4(737 744 786 779)
4(744 743 785 786)
4(738 745 787 780)
4(745 744 786 787)
4(739 746 788 781)
4(746 745 787 788)
4(740 747 789 782)
4(747 746 788 789)
4(748 747 789 790)
4(743 750 792 785)
4(750 749 791 792)
4(744 751 793 786)
4(751 750 792 793)
4(745 752 794 787)
4(752 751 793 794)
4(746 753 795 788)
4(753 752 794 795)
4(747 754 796 789)
4(754 753 795 796)
4(755 754 796 797)
4(750 757 799 792)
4(757 756 798 799)
4(751 758 800 793)
4(758 757 799 800)
4(752 759 801 794)
4(759 758 800 801)
4(753 760 802 795)
4(760 759 801 802)
4(754 761 803 796)
4(761 760 802 803)
4(762 761 803 804)
4(757 764 806 799)
4(764 763 805 806)
4(758 765 807 800)
4(765 764 806 807)
4(759 766 808 801)
4(766 765 807 808)
4(760 767 809 802)
4(767 766 808 809)
4(761 768 810 803)
4(768 767 809 810)
4(769 768 810 811)
4(764 771 813 806)
4(765 772 814 807)
4(766 773 815 808)
4(767 774 816 809)
4(768 775 817 810)
4(7 0 63 70)
4(14 7 70 77)
4(21 14 77 84)
4(28 21 84 91)
4(35 28 91 98)
4(42 35 98 105)
4(49 42 105 112)
4(56 49 112 119)
4(70 63 126 133)
4(77 70 133 140)
4(84 77 140 147)
4(91 84 147 154)
4(98 91 154 161)
4(105 98 161 168)
4(112 105 168 175)
4(119 112 175 182)
4(133 126 189 196)
4(140 133 196 203)
4(147 140 203 210)
4(154 147 210 217)
4(161 154 217 224)
4(168 161 224 231)
4(175 168 231 238)
4(182 175 238 245)
4(196 189 252 259)
4(203 196 259 266)
4(210 203 266 273)
4(217 210 273 280)
4(224 217 280 287)
4(231 224 287 294)
4(238 231 294 301)
4(245 238 301 308)
4(259 252 315 322)
4(266 259 322 329)
4(273 266 329 336)
4(280 273 336 343)
4(287 280 343 350)
4(294 287 350 357)
4(301 294 357 364)
4(308 301 364 371)
4(322 315 378 385)
4(329 322 385 392)
4(336 329 392 399)
4(343 336 399 406)
4(350 343 406 413)
4(357 350 413 420)
4(364 357 420 427)
4(371 364 427 434)
4(385 378 441 448)
4(392 385 448 455)
4(399 392 455 462)
4(406 399 462 469)
4(413 406 469 476)
4(420 413 476 483)
4(427 420 483 490)
4(434 427 490 497)
4(448 441 504 511)
4(455 448 511 518)
4(462 455 518 525)
4(469 462 525 532)
4(476 469 532 539)
4(483 476 539 546)
4(490 483 546 553)
4(497 490 553 560)
4(573 580 622 615)
4(580 587 629 622)
4(587 594 636 629)
4(594 601 643 636)
4(601 608 650 643)
4(615 622 664 657)
4(622 629 671 664)
4(629 636 678 671)
4(636 643 685 678)
4(643 650 692 685)
4(657 664 706 699)
4(664 671 713 706)
4(671 678 720 713)
4(678 685 727 720)
4(685 692 734 727)
4(699 706 748 741)
4(706 713 755 748)
4(713 720 762 755)
4(720 727 769 762)
4(727 734 776 769)
4(741 748 790 783)
4(748 755 797 790)
4(755 762 804 797)
4(762 769 811 804)
4(769 776 818 811)
4(0 7 8 1)
4(0 1 64 63)
4(1 8 9 2)
4(1 2 65 64)
4(2 9 10 3)
4(2 3 66 65)
4(3 10 11 4)
4(3 4 67 66)
4(4 11 12 5)
4(4 5 68 67)
4(5 12 13 6)
4(5 6 69 68)
4(7 14 15 8)
4(8 15 16 9)
4(9 16 17 10)
4(10 17 18 11)
4(11 18 19 12)
4(12 19 20 13)
4(14 21 22 15)
4(15 22 23 16)
4(16 23 24 17)
4(17 24 25 18)
4(18 25 26 19)
4(19 26 27 20)
4(21 28 29 22)
4(22 29 30 23)
4(23 30 31 24)
4(24 31 32 25)
4(25 32 33 26)
4(26 33 34 27)
4(28 35 36 29)
4(29 36 37 30)
4(30 37 38 31)
4(31 38 39 32)
4(32 39 40 33)
4(33 40 41 34)
4(35 42 43 36)
4(36 43 44 37)
4(37 44 45 38)
4(38 45 46 39)
4(39 46 47 40)
4(40 47 48 41)
4(42 49 50 43)
4(43 50 51 44)
4(44 51 52 45)
4(45 52 53 46)
4(46 53 54 47)
4(47 54 55 48)
4(49 56 57 50)
4(57 56 119 120)
4(50 57 58 51)
4(58 57 120 121)
4(51 58 59 52)
4(59 58 121 122)
4(52 59 60 53)
4(60 59 122 123)
4(53 60 61 54)
4(61 60 123 124)
4(54 61 62 55)
4(62 61 124 125)
4(63 64 127 126)
4(64 65 128 127)
4(65 66 129 128)
4(66 67 130 129)
4(67 68 131 130)
4(68 69 132 131)
4(120 119 182 183)
4(121 120 183 184)
4(122 121 184 185)
4(123 122 185 186)
4(124 123 186 187)
4(125 124 187 188)
4(126 127 190 189)
4(127 128 191 190)
4(128 129 192 191)
4(129 130 193 192)
4(130 131 194 193)
4(131 132 195 194)
4(183 182 245 246)
4(184 183 246 247)
4(185 184 247 248)
4(186 185 248 249)
4(187 186 249 250)
4(188 187 250 251)
4(189 190 253 252)
4(190 191 254 253)
4(191 192 255 254)
4(192 193 256 255)
4(193 194 257 256)
4(194 195 258 257)
4(246 245 308 309)
4(247 246 309 310)
4(248 247 310 311)
4(249 248 311 312)
4(250 249 312 313)
4(251 250 313 314)
4(252 253 316 315)
4(253 254 317 316)
4(254 255 318 317)
4(255 256 319 318)
4(256 257 320 319)
4(257 258 321 320)
4(309 308 371 372)
4(310 309 372 373)
4(311 310 373 374)
4(312 311 374 375)
4(313 312 375 376)
4(314 313 376 377)
4(315 316 379 378)
4(316 317 380 379)
4(317 318 381 380)
4(318 319 382 381)
4(319 320 383 382)
4(320 321 384 383)
4(372 371 434 435)
4(373 372 435 436)
4(374 373 436 437)
4(375 374 437 438)
4(376 375 438 439)
4(377 376 439 440)
4(378 379 442 441)
4(379 380 443 442)
4(380 381 444 443)
4(381 382 445 444)
4(382 383 446 445)
4(383 384 447 446)
4(435 434 497 498)
4(436 435 498 499)
4(437 436 499 500)
4(438 437 500 501)
4(439 438 501 502)
4(440 439 502 503)
4(504 505 512 511)
4(441 442 505 504)
4(505 506 513 512)
4(442 443 506 505)
4(506 507 514 513)
4(443 444 507 506)
4(507 508 515 514)
4(444 445 508 507)
4(508 509 516 515)
4(445 446 509 508)
4(509 510 517 516)
4(446 447 510 509)
4(511 512 519 518)
4(512 513 520 519)
4(513 514 521 520)
4(514 515 522 521)
4(515 516 523 522)
4(516 517 524 523)
4(518 519 526 525)
4(519 520 527 526)
4(520 521 528 527)
4(521 522 529 528)
4(522 523 530 529)
4(523 524 531 530)
4(525 526 533 532)
4(526 527 534 533)
4(527 528 535 534)
4(528 529 536 535)
4(529 530 537 536)
4(530 531 538 537)
4(532 533 540 539)
4(533 534 541 540)
4(534 535 542 541)
4(535 536 543 542)
4(536 537 544 543)
4(537 538 545 544)
4(539 540 547 546)
4(540 541 548 547)
4(541 542 549 548)
4(542 543 550 549)
4(543 544 551 550)
4(544 545 552 551)
4(546 547 554 553)
4(547 548 555 554)
4(548 549 556 555)
4(549 550 557 556)
4(550 551 558 557)
4(551 552 559 558)
4(553 554 561 560)
4(498 497 560 561)
4(554 555 562 561)
4(499 498 561 562)
4(555 556 563 562)
4(500 499 562 563)
4(556 557 564 563)
4(501 500 563 564)
4(557 558 565 564)
4(502 501 564 565)
4(558 559 566 565)
4(503 502 565 566)
4(567 574 575 568)
4(567 568 610 609)
4(568 575 576 569)
4(568 569 611 610)
4(569 576 577 570)
4(569 570 612 611)
4(570 577 578 571)
4(570 571 613 612)
4(571 578 579 572)
4(571 572 614 613)
4(572 579 580 573)
4(572 573 615 614)
4(574 581 582 575)
4(575 582 583 576)
4(576 583 584 577)
4(577 584 585 578)
4(578 585 586 579)
4(579 586 587 580)
4(581 588 589 582)
4(582 589 590 583)
4(583 590 591 584)
4(584 591 592 585)
4(585 592 593 586)
4(586 593 594 587)
4(588 595 596 589)
4(589 596 597 590)
4(590 597 598 591)
4(591 598 599 592)
4(592 599 600 593)
4(593 600 601 594)
4(595 602 603 596)
4(603 602 644 645)
4(596 603 604 597)
4(604 603 645 646)
4(597 604 605 598)
4(605 604 646 647)
4(598 605 606 599)
4(606 605 647 648)
4(599 606 607 600)
4(607 606 648 649)
4(600 607 608 601)
4(608 607 649 650)
4(609 610 652 651)
4(610 611 653 652)
4(611 612 654 653)
4(612 613 655 654)
4(613 614 656 655)
4(614 615 657 656)
4(645 644 686 687)
4(646 645 687 688)
4(647 646 688 689)
4(648 647 689 690)
4(649 648 690 691)
4(650 649 691 692)
4(651 652 694 693)
4(652 653 695 694)
4(653 654 696 695)
4(654 655 697 696)
4(655 656 698 697)
4(656 657 699 698)
4(687 686 728 729)
4(688 687 729 730)
4(689 688 730 731)
4(690 689 731 732)
4(691 690 732 733)
4(692 691 733 734)
4(693 694 736 735)
4(694 695 737 736)
4(695 696 738 737)
4(696 697 739 738)
4(697 698 740 739)
4(698 699 741 740)
4(729 728 770 771)
4(730 729 771 772)
4(731 730 772 773)
4(732 731 773 774)
4(733 732 774 775)
4(734 733 775 776)
4(777 778 785 784)
4(735 736 778 777)
4(778 779 786 785)
4(736 737 779 778)
4(779 780 787 786)
4(737 738 780 779)
4(780 781 788 787)
4(738 739 781 780)
4(781 782 789 788)
4(739 740 782 781)
4(782 783 790 789)
4(740 741 783 782)
4(784 785 792 791)
4(785 786 793 792)
4(786 787 794 793)
4(787 788 795 794)
4(788 789 796 795)
4(789 790 797 796)
4(791 792 799 798)
4(792 793 800 799)
4(793 794 801 800)
4(794 795 802 801)
4(795 796 803 802)
4(796 797 804 803)
4(798 799 806 805)
4(799 800 807 806)
4(800 801 808 807)
4(801 802 809 808)
4(802 803 810 809)
4(803 804 811 810)
4(805 806 813 812)
4(771 770 812 813)
4(806 807 814 813)
4(772 771 813 814)
4(807 808 815 814)
4(773 772 814 815)
4(808 809 816 815)
4(774 773 815 816)
4(809 810 817 816)
4(775 774 816 817)
4(810 811 818 817)
4(776 775 817 818)
4(6 13 76 69)
4(13 20 83 76)
4(20 27 90 83)
4(27 34 97 90)
4(34 41 104 97)
4(41 48 111 104)
4(48 55 118 111)
4(55 62 125 118)
4(69 76 139 132)
4(76 83 146 139)
4(83 90 153 146)
4(90 97 160 153)
4(97 104 167 160)
4(104 111 174 167)
4(111 118 181 174)
4(118 125 188 181)
4(132 139 202 195)
4(139 146 209 202)
4(146 153 216 209)
4(153 160 223 216)
4(160 167 230 223)
4(167 174 237 230)
4(174 181 244 237)
4(181 188 251 244)
4(195 202 265 258)
4(202 209 272 265)
4(209 216 279 272)
4(216 223 286 279)
4(223 230 293 286)
4(230 237 300 293)
4(237 244 307 300)
4(244 251 314 307)
4(258 265 328 321)
4(265 272 335 328)
4(272 279 342 335)
4(279 286 349 342)
4(286 293 356 349)
4(293 300 363 356)
4(300 307 370 363)
4(307 314 377 370)
4(321 328 391 384)
4(328 335 398 391)
4(335 342 405 398)
4(342 349 412 405)
4(349 356 419 412)
4(356 363 426 419)
4(363 370 433 426)
4(370 377 440 433)
4(384 391 454 447)
4(391 398 461 454)
4(398 405 468 461)
4(405 412 475 468)
4(412 419 482 475)
4(419 426 489 482)
4(426 433 496 489)
4(433 440 503 496)
4(447 454 517 510)
4(454 461 524 517)
4(461 468 531 524)
4(468 475 538 531)
4(475 482 545 538)
4(482 489 552 545)
4(489 496 559 552)
4(496 503 566 559)
4(574 567 609 616)
4(581 574 616 623)
4(588 581 623 630)
4(595 588 630 637)
4(602 595 637 644)
4(616 609 651 658)
4(623 616 658 665)
4(630 623 665 672)
4(637 630 672 679)
4(644 637 679 686)
4(658 651 693 700)
4(665 658 700 707)
4(672 665 707 714)
4(679 672 714 721)
4(686 679 721 728)
4(700 693 735 742)
4(707 700 742 749)
4(714 707 749 756)
4(721 714 756 763)
4(728 721 763 770)
4(742 735 777 784)
4(749 742 784 791)
4(756 749 791 798)
4(763 756 798 805)
4(770 763 805 812)
)

// ************************************************************************* //
