/*--------------------------------*- C++ -*----------------------------------*\
| =========                 |                                                 |
| \\      /  F ield         | OpenFOAM: The Open Source CFD Toolbox           |
|  \\    /   O peration     | Version:  dev                                   |
|   \\  /    A nd           | Web:      www.OpenFOAM.org                      |
|    \\/     M anipulation  |                                                 |
\*---------------------------------------------------------------------------*/
FoamFile
{
    version     2.0;
    format      ascii;
    class       labelList;
    location    "constant/polyMesh";
    object      neighbour;
}
// * * * * * * * * * * * * * * * * * * * * * * * * * * * * * * * * * * * * * //
1357
(
1
6
48
2
7
49
3
8
50
4
9
51
5
10
52
11
53
7
12
54
8
13
55
9
14
56
10
15
57
11
16
58
17
59
13
18
60
14
19
61
15
20
62
16
21
63
17
22
64
23
65
19
24
66
20
25
67
21
26
68
22
27
69
23
28
70
29
71
25
30
72
26
31
73
27
32
74
28
33
75
29
34
76
35
77
31
36
78
32
37
79
33
38
80
34
39
81
35
40
82
41
83
37
42
84
38
43
85
39
44
86
40
45
87
41
46
88
47
89
43
90
44
91
45
92
46
93
47
94
95
49
54
96
50
55
97
51
56
98
52
57
99
53
58
100
59
101
55
60
102
56
61
103
57
62
104
58
63
105
59
64
106
65
107
61
66
108
62
67
109
63
68
110
64
69
111
65
70
112
71
113
67
72
114
68
73
115
69
74
116
70
75
117
71
76
118
77
119
73
78
120
74
79
121
75
80
122
76
81
123
77
82
124
83
125
79
84
126
80
85
127
81
86
128
82
87
129
83
88
130
89
131
85
90
132
86
91
133
87
92
134
88
93
135
89
94
136
95
137
91
138
92
139
93
140
94
141
95
142
143
97
102
144
98
103
145
99
104
146
100
105
147
101
106
148
107
149
103
108
150
104
109
151
105
110
152
106
111
153
107
112
154
113
155
109
114
156
110
115
157
111
116
158
112
117
159
113
118
160
119
161
115
120
162
116
121
163
117
122
164
118
123
165
119
124
166
125
167
121
126
168
122
127
169
123
128
170
124
129
171
125
130
172
131
173
127
132
174
128
133
175
129
134
176
130
135
177
131
136
178
137
179
133
138
180
134
139
181
135
140
182
136
141
183
137
142
184
143
185
139
186
140
187
141
188
142
189
143
190
191
145
150
192
146
151
193
147
152
194
148
153
195
149
154
196
155
197
151
156
198
152
157
199
153
158
200
154
159
201
155
160
202
161
203
157
162
204
158
163
205
159
164
206
160
165
207
161
166
208
167
209
163
168
210
164
169
211
165
170
212
166
171
213
167
172
214
173
215
169
174
216
170
175
217
171
176
218
172
177
219
173
178
220
179
221
175
180
222
176
181
223
177
182
224
178
183
225
179
184
226
185
227
181
186
228
182
187
229
183
188
230
184
189
231
185
190
232
191
233
187
234
188
235
189
236
190
237
191
238
239
193
198
240
194
199
241
195
200
242
196
201
243
197
202
244
203
245
199
204
246
200
205
247
201
206
248
202
207
249
203
208
250
209
251
205
210
252
206
211
253
207
212
254
208
213
255
209
214
256
215
257
211
216
258
212
217
259
213
218
260
214
219
261
215
220
262
221
263
217
222
264
218
223
265
219
224
266
220
225
267
221
226
268
227
269
223
228
270
224
229
271
225
230
272
226
231
273
227
232
274
233
275
229
234
276
230
235
277
231
236
278
232
237
279
233
238
280
239
281
235
282
236
283
237
284
238
285
239
286
287
241
246
288
242
247
289
243
248
290
244
249
291
245
250
292
251
293
247
252
294
248
253
295
249
254
296
250
255
297
251
256
298
257
299
253
258
300
254
259
301
255
260
302
256
261
303
257
262
304
263
305
259
264
306
260
265
307
261
266
308
262
267
309
263
268
310
269
311
265
270
312
266
271
313
267
272
314
268
273
315
269
274
316
275
317
271
276
318
272
277
319
273
278
320
274
279
321
275
280
322
281
323
277
282
324
278
283
325
279
284
326
280
285
327
281
286
328
287
329
283
330
284
331
285
332
286
333
287
334
335
289
294
336
290
295
337
291
296
338
292
297
339
293
298
340
299
341
295
300
342
296
301
343
297
302
344
298
303
345
299
304
346
305
347
301
306
348
302
307
349
303
308
350
304
309
351
305
310
352
311
353
307
312
354
308
313
355
309
314
356
310
315
357
311
316
358
317
359
313
318
360
314
319
361
315
320
362
316
321
363
317
322
364
323
365
319
324
366
320
325
367
321
326
368
322
327
369
323
328
370
329
371
325
330
372
326
331
373
327
332
374
328
333
375
329
334
376
335
377
331
378
332
379
333
380
334
381
335
382
383
337
342
338
343
339
344
340
345
341
346
347
343
348
344
349
345
350
346
351
347
352
353
349
354
350
355
351
356
352
357
353
358
359
355
360
356
361
357
362
358
363
359
364
365
361
366
362
367
363
368
364
369
365
370
371
367
372
368
373
369
374
370
375
371
376
377
373
378
374
379
375
380
376
381
377
382
383
379
380
381
382
383
385
390
414
386
391
415
387
392
416
388
393
417
389
394
418
395
419
391
396
420
392
397
421
393
398
422
394
399
423
395
400
424
401
425
397
402
426
398
403
427
399
404
428
400
405
429
401
406
430
407
431
403
408
432
404
409
433
405
410
434
406
411
435
407
412
436
413
437
409
438
410
439
411
440
412
441
413
442
443
415
420
444
416
421
445
417
422
446
418
423
447
419
424
448
425
449
421
426
450
422
427
451
423
428
452
424
429
453
425
430
454
431
455
427
432
456
428
433
457
429
434
458
430
435
459
431
436
460
437
461
433
438
462
434
439
463
435
440
464
436
441
465
437
442
466
443
467
439
468
440
469
441
470
442
471
443
472
473
445
450
474
446
451
475
447
452
476
448
453
477
449
454
478
455
479
451
456
480
452
457
481
453
458
482
454
459
483
455
460
484
461
485
457
462
486
458
463
487
459
464
488
460
465
489
461
466
490
467
491
463
468
492
464
469
493
465
470
494
466
471
495
467
472
496
473
497
469
498
470
499
471
500
472
501
473
502
503
475
480
504
476
481
505
477
482
506
478
483
507
479
484
508
485
509
481
486
510
482
487
511
483
488
512
484
489
513
485
490
514
491
515
487
492
516
488
493
517
489
494
518
490
495
519
491
496
520
497
521
493
498
522
494
499
523
495
500
524
496
501
525
497
502
526
503
527
499
528
500
529
501
530
502
531
503
532
533
505
510
506
511
507
512
508
513
509
514
515
511
516
512
517
513
518
514
519
515
520
521
517
522
518
523
519
524
520
525
521
526
527
523
528
524
529
525
530
526
531
527
532
533
529
530
531
532
533
)

// ************************************************************************* //
