/*--------------------------------*- C++ -*----------------------------------*\
| =========                 |                                                 |
| \\      /  F ield         | OpenFOAM: The Open Source CFD Toolbox           |
|  \\    /   O peration     | Version:  dev                                   |
|   \\  /    A nd           | Web:      www.OpenFOAM.org                      |
|    \\/     M anipulation  |                                                 |
\*---------------------------------------------------------------------------*/
FoamFile
{
    version     2.0;
    format      ascii;
    class       vectorField;
    location    "constant/polyMesh";
    object      points;
}
// * * * * * * * * * * * * * * * * * * * * * * * * * * * * * * * * * * * * * //
819
(
(0 0 0)
(0.08333333333 0 0)
(0.1666666667 0 0)
(0.25 0 0)
(0.3333333333 0 0)
(0.4166666667 0 0)
(0.5 0 0)
(0 0.025 0)
(0.08333333333 0.025 0)
(0.1666666667 0.025 0)
(0.25 0.025 0)
(0.3333333333 0.025 0)
(0.4166666667 0.025 0)
(0.5 0.025 0)
(0 0.05 0)
(0.08333333333 0.05 0)
(0.1666666667 0.05 0)
(0.25 0.05 0)
(0.3333333333 0.05 0)
(0.4166666667 0.05 0)
(0.5 0.05 0)
(0 0.075 0)
(0.08333333333 0.075 0)
(0.1666666667 0.075 0)
(0.25 0.075 0)
(0.3333333333 0.075 0)
(0.4166666667 0.075 0)
(0.5 0.075 0)
(0 0.1 0)
(0.08333333333 0.1 0)
(0.1666666667 0.1 0)
(0.25 0.1 0)
(0.3333333333 0.1 0)
(0.4166666667 0.1 0)
(0.5 0.1 0)
(0 0.125 0)
(0.08333333333 0.125 0)
(0.1666666667 0.125 0)
(0.25 0.125 0)
(0.3333333333 0.125 0)
(0.4166666667 0.125 0)
(0.5 0.125 0)
(0 0.15 0)
(0.08333333333 0.15 0)
(0.1666666667 0.15 0)
(0.25 0.15 0)
(0.3333333333 0.15 0)
(0.4166666667 0.15 0)
(0.5 0.15 0)
(0 0.175 0)
(0.08333333333 0.175 0)
(0.1666666667 0.175 0)
(0.25 0.175 0)
(0.3333333333 0.175 0)
(0.4166666667 0.175 0)
(0.5 0.175 0)
(0 0.2 0)
(0.08333333333 0.2 0)
(0.1666666667 0.2 0)
(0.25 0.2 0)
(0.3333333333 0.2 0)
(0.4166666667 0.2 0)
(0.5 0.2 0)
(0 0 0.025)
(0.08333333333 0 0.025)
(0.1666666667 0 0.025)
(0.25 0 0.025)
(0.3333333333 0 0.025)
(0.4166666667 0 0.025)
(0.5 0 0.025)
(0 0.025 0.025)
(0.08333333333 0.025 0.025)
(0.1666666667 0.025 0.025)
(0.25 0.025 0.025)
(0.3333333333 0.025 0.025)
(0.4166666667 0.025 0.025)
(0.5 0.025 0.025)
(0 0.05 0.025)
(0.08333333333 0.05 0.025)
(0.1666666667 0.05 0.025)
(0.25 0.05 0.025)
(0.3333333333 0.05 0.025)
(0.4166666667 0.05 0.025)
(0.5 0.05 0.025)
(0 0.075 0.025)
(0.08333333333 0.075 0.025)
(0.1666666667 0.075 0.025)
(0.25 0.075 0.025)
(0.3333333333 0.075 0.025)
(0.4166666667 0.075 0.025)
(0.5 0.075 0.025)
(0 0.1 0.025)
(0.08333333333 0.1 0.025)
(0.1666666667 0.1 0.025)
(0.25 0.1 0.025)
(0.3333333333 0.1 0.025)
(0.4166666667 0.1 0.025)
(0.5 0.1 0.025)
(0 0.125 0.025)
(0.08333333333 0.125 0.025)
(0.1666666667 0.125 0.025)
(0.25 0.125 0.025)
(0.3333333333 0.125 0.025)
(0.4166666667 0.125 0.025)
(0.5 0.125 0.025)
(0 0.15 0.025)
(0.08333333333 0.15 0.025)
(0.1666666667 0.15 0.025)
(0.25 0.15 0.025)
(0.3333333333 0.15 0.025)
(0.4166666667 0.15 0.025)
(0.5 0.15 0.025)
(0 0.175 0.025)
(0.08333333333 0.175 0.025)
(0.1666666667 0.175 0.025)
(0.25 0.175 0.025)
(0.3333333333 0.175 0.025)
(0.4166666667 0.175 0.025)
(0.5 0.175 0.025)
(0 0.2 0.025)
(0.08333333333 0.2 0.025)
(0.1666666667 0.2 0.025)
(0.25 0.2 0.025)
(0.3333333333 0.2 0.025)
(0.4166666667 0.2 0.025)
(0.5 0.2 0.025)
(0 0 0.05)
(0.08333333333 0 0.05)
(0.1666666667 0 0.05)
(0.25 0 0.05)
(0.3333333333 0 0.05)
(0.4166666667 0 0.05)
(0.5 0 0.05)
(0 0.025 0.05)
(0.08333333333 0.025 0.05)
(0.1666666667 0.025 0.05)
(0.25 0.025 0.05)
(0.3333333333 0.025 0.05)
(0.4166666667 0.025 0.05)
(0.5 0.025 0.05)
(0 0.05 0.05)
(0.08333333333 0.05 0.05)
(0.1666666667 0.05 0.05)
(0.25 0.05 0.05)
(0.3333333333 0.05 0.05)
(0.4166666667 0.05 0.05)
(0.5 0.05 0.05)
(0 0.075 0.05)
(0.08333333333 0.075 0.05)
(0.1666666667 0.075 0.05)
(0.25 0.075 0.05)
(0.3333333333 0.075 0.05)
(0.4166666667 0.075 0.05)
(0.5 0.075 0.05)
(0 0.1 0.05)
(0.08333333333 0.1 0.05)
(0.1666666667 0.1 0.05)
(0.25 0.1 0.05)
(0.3333333333 0.1 0.05)
(0.4166666667 0.1 0.05)
(0.5 0.1 0.05)
(0 0.125 0.05)
(0.08333333333 0.125 0.05)
(0.1666666667 0.125 0.05)
(0.25 0.125 0.05)
(0.3333333333 0.125 0.05)
(0.4166666667 0.125 0.05)
(0.5 0.125 0.05)
(0 0.15 0.05)
(0.08333333333 0.15 0.05)
(0.1666666667 0.15 0.05)
(0.25 0.15 0.05)
(0.3333333333 0.15 0.05)
(0.4166666667 0.15 0.05)
(0.5 0.15 0.05)
(0 0.175 0.05)
(0.08333333333 0.175 0.05)
(0.1666666667 0.175 0.05)
(0.25 0.175 0.05)
(0.3333333333 0.175 0.05)
(0.4166666667 0.175 0.05)
(0.5 0.175 0.05)
(0 0.2 0.05)
(0.08333333333 0.2 0.05)
(0.1666666667 0.2 0.05)
(0.25 0.2 0.05)
(0.3333333333 0.2 0.05)
(0.4166666667 0.2 0.05)
(0.5 0.2 0.05)
(0 0 0.075)
(0.08333333333 0 0.075)
(0.1666666667 0 0.075)
(0.25 0 0.075)
(0.3333333333 0 0.075)
(0.4166666667 0 0.075)
(0.5 0 0.075)
(0 0.025 0.075)
(0.08333333333 0.025 0.075)
(0.1666666667 0.025 0.075)
(0.25 0.025 0.075)
(0.3333333333 0.025 0.075)
(0.4166666667 0.025 0.075)
(0.5 0.025 0.075)
(0 0.05 0.075)
(0.08333333333 0.05 0.075)
(0.1666666667 0.05 0.075)
(0.25 0.05 0.075)
(0.3333333333 0.05 0.075)
(0.4166666667 0.05 0.075)
(0.5 0.05 0.075)
(0 0.075 0.075)
(0.08333333333 0.075 0.075)
(0.1666666667 0.075 0.075)
(0.25 0.075 0.075)
(0.3333333333 0.075 0.075)
(0.4166666667 0.075 0.075)
(0.5 0.075 0.075)
(0 0.1 0.075)
(0.08333333333 0.1 0.075)
(0.1666666667 0.1 0.075)
(0.25 0.1 0.075)
(0.3333333333 0.1 0.075)
(0.4166666667 0.1 0.075)
(0.5 0.1 0.075)
(0 0.125 0.075)
(0.08333333333 0.125 0.075)
(0.1666666667 0.125 0.075)
(0.25 0.125 0.075)
(0.3333333333 0.125 0.075)
(0.4166666667 0.125 0.075)
(0.5 0.125 0.075)
(0 0.15 0.075)
(0.08333333333 0.15 0.075)
(0.1666666667 0.15 0.075)
(0.25 0.15 0.075)
(0.3333333333 0.15 0.075)
(0.4166666667 0.15 0.075)
(0.5 0.15 0.075)
(0 0.175 0.075)
(0.08333333333 0.175 0.075)
(0.1666666667 0.175 0.075)
(0.25 0.175 0.075)
(0.3333333333 0.175 0.075)
(0.4166666667 0.175 0.075)
(0.5 0.175 0.075)
(0 0.2 0.075)
(0.08333333333 0.2 0.075)
(0.1666666667 0.2 0.075)
(0.25 0.2 0.075)
(0.3333333333 0.2 0.075)
(0.4166666667 0.2 0.075)
(0.5 0.2 0.075)
(0 0 0.1)
(0.08333333333 0 0.1)
(0.1666666667 0 0.1)
(0.25 0 0.1)
(0.3333333333 0 0.1)
(0.4166666667 0 0.1)
(0.5 0 0.1)
(0 0.025 0.1)
(0.08333333333 0.025 0.1)
(0.1666666667 0.025 0.1)
(0.25 0.025 0.1)
(0.3333333333 0.025 0.1)
(0.4166666667 0.025 0.1)
(0.5 0.025 0.1)
(0 0.05 0.1)
(0.08333333333 0.05 0.1)
(0.1666666667 0.05 0.1)
(0.25 0.05 0.1)
(0.3333333333 0.05 0.1)
(0.4166666667 0.05 0.1)
(0.5 0.05 0.1)
(0 0.075 0.1)
(0.08333333333 0.075 0.1)
(0.1666666667 0.075 0.1)
(0.25 0.075 0.1)
(0.3333333333 0.075 0.1)
(0.4166666667 0.075 0.1)
(0.5 0.075 0.1)
(0 0.1 0.1)
(0.08333333333 0.1 0.1)
(0.1666666667 0.1 0.1)
(0.25 0.1 0.1)
(0.3333333333 0.1 0.1)
(0.4166666667 0.1 0.1)
(0.5 0.1 0.1)
(0 0.125 0.1)
(0.08333333333 0.125 0.1)
(0.1666666667 0.125 0.1)
(0.25 0.125 0.1)
(0.3333333333 0.125 0.1)
(0.4166666667 0.125 0.1)
(0.5 0.125 0.1)
(0 0.15 0.1)
(0.08333333333 0.15 0.1)
(0.1666666667 0.15 0.1)
(0.25 0.15 0.1)
(0.3333333333 0.15 0.1)
(0.4166666667 0.15 0.1)
(0.5 0.15 0.1)
(0 0.175 0.1)
(0.08333333333 0.175 0.1)
(0.1666666667 0.175 0.1)
(0.25 0.175 0.1)
(0.3333333333 0.175 0.1)
(0.4166666667 0.175 0.1)
(0.5 0.175 0.1)
(0 0.2 0.1)
(0.08333333333 0.2 0.1)
(0.1666666667 0.2 0.1)
(0.25 0.2 0.1)
(0.3333333333 0.2 0.1)
(0.4166666667 0.2 0.1)
(0.5 0.2 0.1)
(0 0 0.125)
(0.08333333333 0 0.125)
(0.1666666667 0 0.125)
(0.25 0 0.125)
(0.3333333333 0 0.125)
(0.4166666667 0 0.125)
(0.5 0 0.125)
(0 0.025 0.125)
(0.08333333333 0.025 0.125)
(0.1666666667 0.025 0.125)
(0.25 0.025 0.125)
(0.3333333333 0.025 0.125)
(0.4166666667 0.025 0.125)
(0.5 0.025 0.125)
(0 0.05 0.125)
(0.08333333333 0.05 0.125)
(0.1666666667 0.05 0.125)
(0.25 0.05 0.125)
(0.3333333333 0.05 0.125)
(0.4166666667 0.05 0.125)
(0.5 0.05 0.125)
(0 0.075 0.125)
(0.08333333333 0.075 0.125)
(0.1666666667 0.075 0.125)
(0.25 0.075 0.125)
(0.3333333333 0.075 0.125)
(0.4166666667 0.075 0.125)
(0.5 0.075 0.125)
(0 0.1 0.125)
(0.08333333333 0.1 0.125)
(0.1666666667 0.1 0.125)
(0.25 0.1 0.125)
(0.3333333333 0.1 0.125)
(0.4166666667 0.1 0.125)
(0.5 0.1 0.125)
(0 0.125 0.125)
(0.08333333333 0.125 0.125)
(0.1666666667 0.125 0.125)
(0.25 0.125 0.125)
(0.3333333333 0.125 0.125)
(0.4166666667 0.125 0.125)
(0.5 0.125 0.125)
(0 0.15 0.125)
(0.08333333333 0.15 0.125)
(0.1666666667 0.15 0.125)
(0.25 0.15 0.125)
(0.3333333333 0.15 0.125)
(0.4166666667 0.15 0.125)
(0.5 0.15 0.125)
(0 0.175 0.125)
(0.08333333333 0.175 0.125)
(0.1666666667 0.175 0.125)
(0.25 0.175 0.125)
(0.3333333333 0.175 0.125)
(0.4166666667 0.175 0.125)
(0.5 0.175 0.125)
(0 0.2 0.125)
(0.08333333333 0.2 0.125)
(0.1666666667 0.2 0.125)
(0.25 0.2 0.125)
(0.3333333333 0.2 0.125)
(0.4166666667 0.2 0.125)
(0.5 0.2 0.125)
(0 0 0.15)
(0.08333333333 0 0.15)
(0.1666666667 0 0.15)
(0.25 0 0.15)
(0.3333333333 0 0.15)
(0.4166666667 0 0.15)
(0.5 0 0.15)
(0 0.025 0.15)
(0.08333333333 0.025 0.15)
(0.1666666667 0.025 0.15)
(0.25 0.025 0.15)
(0.3333333333 0.025 0.15)
(0.4166666667 0.025 0.15)
(0.5 0.025 0.15)
(0 0.05 0.15)
(0.08333333333 0.05 0.15)
(0.1666666667 0.05 0.15)
(0.25 0.05 0.15)
(0.3333333333 0.05 0.15)
(0.4166666667 0.05 0.15)
(0.5 0.05 0.15)
(0 0.075 0.15)
(0.08333333333 0.075 0.15)
(0.1666666667 0.075 0.15)
(0.25 0.075 0.15)
(0.3333333333 0.075 0.15)
(0.4166666667 0.075 0.15)
(0.5 0.075 0.15)
(0 0.1 0.15)
(0.08333333333 0.1 0.15)
(0.1666666667 0.1 0.15)
(0.25 0.1 0.15)
(0.3333333333 0.1 0.15)
(0.4166666667 0.1 0.15)
(0.5 0.1 0.15)
(0 0.125 0.15)
(0.08333333333 0.125 0.15)
(0.1666666667 0.125 0.15)
(0.25 0.125 0.15)
(0.3333333333 0.125 0.15)
(0.4166666667 0.125 0.15)
(0.5 0.125 0.15)
(0 0.15 0.15)
(0.08333333333 0.15 0.15)
(0.1666666667 0.15 0.15)
(0.25 0.15 0.15)
(0.3333333333 0.15 0.15)
(0.4166666667 0.15 0.15)
(0.5 0.15 0.15)
(0 0.175 0.15)
(0.08333333333 0.175 0.15)
(0.1666666667 0.175 0.15)
(0.25 0.175 0.15)
(0.3333333333 0.175 0.15)
(0.4166666667 0.175 0.15)
(0.5 0.175 0.15)
(0 0.2 0.15)
(0.08333333333 0.2 0.15)
(0.1666666667 0.2 0.15)
(0.25 0.2 0.15)
(0.3333333333 0.2 0.15)
(0.4166666667 0.2 0.15)
(0.5 0.2 0.15)
(0 0 0.175)
(0.08333333333 0 0.175)
(0.1666666667 0 0.175)
(0.25 0 0.175)
(0.3333333333 0 0.175)
(0.4166666667 0 0.175)
(0.5 0 0.175)
(0 0.025 0.175)
(0.08333333333 0.025 0.175)
(0.1666666667 0.025 0.175)
(0.25 0.025 0.175)
(0.3333333333 0.025 0.175)
(0.4166666667 0.025 0.175)
(0.5 0.025 0.175)
(0 0.05 0.175)
(0.08333333333 0.05 0.175)
(0.1666666667 0.05 0.175)
(0.25 0.05 0.175)
(0.3333333333 0.05 0.175)
(0.4166666667 0.05 0.175)
(0.5 0.05 0.175)
(0 0.075 0.175)
(0.08333333333 0.075 0.175)
(0.1666666667 0.075 0.175)
(0.25 0.075 0.175)
(0.3333333333 0.075 0.175)
(0.4166666667 0.075 0.175)
(0.5 0.075 0.175)
(0 0.1 0.175)
(0.08333333333 0.1 0.175)
(0.1666666667 0.1 0.175)
(0.25 0.1 0.175)
(0.3333333333 0.1 0.175)
(0.4166666667 0.1 0.175)
(0.5 0.1 0.175)
(0 0.125 0.175)
(0.08333333333 0.125 0.175)
(0.1666666667 0.125 0.175)
(0.25 0.125 0.175)
(0.3333333333 0.125 0.175)
(0.4166666667 0.125 0.175)
(0.5 0.125 0.175)
(0 0.15 0.175)
(0.08333333333 0.15 0.175)
(0.1666666667 0.15 0.175)
(0.25 0.15 0.175)
(0.3333333333 0.15 0.175)
(0.4166666667 0.15 0.175)
(0.5 0.15 0.175)
(0 0.175 0.175)
(0.08333333333 0.175 0.175)
(0.1666666667 0.175 0.175)
(0.25 0.175 0.175)
(0.3333333333 0.175 0.175)
(0.4166666667 0.175 0.175)
(0.5 0.175 0.175)
(0 0.2 0.175)
(0.08333333333 0.2 0.175)
(0.1666666667 0.2 0.175)
(0.25 0.2 0.175)
(0.3333333333 0.2 0.175)
(0.4166666667 0.2 0.175)
(0.5 0.2 0.175)
(0 0 0.2)
(0.08333333333 0 0.2)
(0.1666666667 0 0.2)
(0.25 0 0.2)
(0.3333333333 0 0.2)
(0.4166666667 0 0.2)
(0.5 0 0.2)
(0 0.025 0.2)
(0.08333333333 0.025 0.2)
(0.1666666667 0.025 0.2)
(0.25 0.025 0.2)
(0.3333333333 0.025 0.2)
(0.4166666667 0.025 0.2)
(0.5 0.025 0.2)
(0 0.05 0.2)
(0.08333333333 0.05 0.2)
(0.1666666667 0.05 0.2)
(0.25 0.05 0.2)
(0.3333333333 0.05 0.2)
(0.4166666667 0.05 0.2)
(0.5 0.05 0.2)
(0 0.075 0.2)
(0.08333333333 0.075 0.2)
(0.1666666667 0.075 0.2)
(0.25 0.075 0.2)
(0.3333333333 0.075 0.2)
(0.4166666667 0.075 0.2)
(0.5 0.075 0.2)
(0 0.1 0.2)
(0.08333333333 0.1 0.2)
(0.1666666667 0.1 0.2)
(0.25 0.1 0.2)
(0.3333333333 0.1 0.2)
(0.4166666667 0.1 0.2)
(0.5 0.1 0.2)
(0 0.125 0.2)
(0.08333333333 0.125 0.2)
(0.1666666667 0.125 0.2)
(0.25 0.125 0.2)
(0.3333333333 0.125 0.2)
(0.4166666667 0.125 0.2)
(0.5 0.125 0.2)
(0 0.15 0.2)
(0.08333333333 0.15 0.2)
(0.1666666667 0.15 0.2)
(0.25 0.15 0.2)
(0.3333333333 0.15 0.2)
(0.4166666667 0.15 0.2)
(0.5 0.15 0.2)
(0 0.175 0.2)
(0.08333333333 0.175 0.2)
(0.1666666667 0.175 0.2)
(0.25 0.175 0.2)
(0.3333333333 0.175 0.2)
(0.4166666667 0.175 0.2)
(0.5 0.175 0.2)
(0 0.2 0.2)
(0.08333333333 0.2 0.2)
(0.1666666667 0.2 0.2)
(0.25 0.2 0.2)
(0.3333333333 0.2 0.2)
(0.4166666667 0.2 0.2)
(0.5 0.2 0.2)
(0.5 0 0)
(0.5833333333 0 0)
(0.6666666667 0 0)
(0.75 0 0)
(0.8333333333 0 0)
(0.9166666667 0 0)
(1 0 0)
(0.5 0.04 0)
(0.5833333333 0.04 0)
(0.6666666667 0.04 0)
(0.75 0.04 0)
(0.8333333333 0.04 0)
(0.9166666667 0.04 0)
(1 0.04 0)
(0.5 0.08 0)
(0.5833333333 0.08 0)
(0.6666666667 0.08 0)
(0.75 0.08 0)
(0.8333333333 0.08 0)
(0.9166666667 0.08 0)
(1 0.08 0)
(0.5 0.12 0)
(0.5833333333 0.12 0)
(0.6666666667 0.12 0)
(0.75 0.12 0)
(0.8333333333 0.12 0)
(0.9166666667 0.12 0)
(1 0.12 0)
(0.5 0.16 0)
(0.5833333333 0.16 0)
(0.6666666667 0.16 0)
(0.75 0.16 0)
(0.8333333333 0.16 0)
(0.9166666667 0.16 0)
(1 0.16 0)
(0.5 0.2 0)
(0.5833333333 0.2 0)
(0.6666666667 0.2 0)
(0.75 0.2 0)
(0.8333333333 0.2 0)
(0.9166666667 0.2 0)
(1 0.2 0)
(0.5 0 0.04)
(0.5833333333 0 0.04)
(0.6666666667 0 0.04)
(0.75 0 0.04)
(0.8333333333 0 0.04)
(0.9166666667 0 0.04)
(1 0 0.04)
(0.5 0.04 0.04)
(0.5833333333 0.04 0.04)
(0.6666666667 0.04 0.04)
(0.75 0.04 0.04)
(0.8333333333 0.04 0.04)
(0.9166666667 0.04 0.04)
(1 0.04 0.04)
(0.5 0.08 0.04)
(0.5833333333 0.08 0.04)
(0.6666666667 0.08 0.04)
(0.75 0.08 0.04)
(0.8333333333 0.08 0.04)
(0.9166666667 0.08 0.04)
(1 0.08 0.04)
(0.5 0.12 0.04)
(0.5833333333 0.12 0.04)
(0.6666666667 0.12 0.04)
(0.75 0.12 0.04)
(0.8333333333 0.12 0.04)
(0.9166666667 0.12 0.04)
(1 0.12 0.04)
(0.5 0.16 0.04)
(0.5833333333 0.16 0.04)
(0.6666666667 0.16 0.04)
(0.75 0.16 0.04)
(0.8333333333 0.16 0.04)
(0.9166666667 0.16 0.04)
(1 0.16 0.04)
(0.5 0.2 0.04)
(0.5833333333 0.2 0.04)
(0.6666666667 0.2 0.04)
(0.75 0.2 0.04)
(0.8333333333 0.2 0.04)
(0.9166666667 0.2 0.04)
(1 0.2 0.04)
(0.5 0 0.08)
(0.5833333333 0 0.08)
(0.6666666667 0 0.08)
(0.75 0 0.08)
(0.8333333333 0 0.08)
(0.9166666667 0 0.08)
(1 0 0.08)
(0.5 0.04 0.08)
(0.5833333333 0.04 0.08)
(0.6666666667 0.04 0.08)
(0.75 0.04 0.08)
(0.8333333333 0.04 0.08)
(0.9166666667 0.04 0.08)
(1 0.04 0.08)
(0.5 0.08 0.08)
(0.5833333333 0.08 0.08)
(0.6666666667 0.08 0.08)
(0.75 0.08 0.08)
(0.8333333333 0.08 0.08)
(0.9166666667 0.08 0.08)
(1 0.08 0.08)
(0.5 0.12 0.08)
(0.5833333333 0.12 0.08)
(0.6666666667 0.12 0.08)
(0.75 0.12 0.08)
(0.8333333333 0.12 0.08)
(0.9166666667 0.12 0.08)
(1 0.12 0.08)
(0.5 0.16 0.08)
(0.5833333333 0.16 0.08)
(0.6666666667 0.16 0.08)
(0.75 0.16 0.08)
(0.8333333333 0.16 0.08)
(0.9166666667 0.16 0.08)
(1 0.16 0.08)
(0.5 0.2 0.08)
(0.5833333333 0.2 0.08)
(0.6666666667 0.2 0.08)
(0.75 0.2 0.08)
(0.8333333333 0.2 0.08)
(0.9166666667 0.2 0.08)
(1 0.2 0.08)
(0.5 0 0.12)
(0.5833333333 0 0.12)
(0.6666666667 0 0.12)
(0.75 0 0.12)
(0.8333333333 0 0.12)
(0.9166666667 0 0.12)
(1 0 0.12)
(0.5 0.04 0.12)
(0.5833333333 0.04 0.12)
(0.6666666667 0.04 0.12)
(0.75 0.04 0.12)
(0.8333333333 0.04 0.12)
(0.9166666667 0.04 0.12)
(1 0.04 0.12)
(0.5 0.08 0.12)
(0.5833333333 0.08 0.12)
(0.6666666667 0.08 0.12)
(0.75 0.08 0.12)
(0.8333333333 0.08 0.12)
(0.9166666667 0.08 0.12)
(1 0.08 0.12)
(0.5 0.12 0.12)
(0.5833333333 0.12 0.12)
(0.6666666667 0.12 0.12)
(0.75 0.12 0.12)
(0.8333333333 0.12 0.12)
(0.9166666667 0.12 0.12)
(1 0.12 0.12)
(0.5 0.16 0.12)
(0.5833333333 0.16 0.12)
(0.6666666667 0.16 0.12)
(0.75 0.16 0.12)
(0.8333333333 0.16 0.12)
(0.9166666667 0.16 0.12)
(1 0.16 0.12)
(0.5 0.2 0.12)
(0.5833333333 0.2 0.12)
(0.6666666667 0.2 0.12)
(0.75 0.2 0.12)
(0.8333333333 0.2 0.12)
(0.9166666667 0.2 0.12)
(1 0.2 0.12)
(0.5 0 0.16)
(0.5833333333 0 0.16)
(0.6666666667 0 0.16)
(0.75 0 0.16)
(0.8333333333 0 0.16)
(0.9166666667 0 0.16)
(1 0 0.16)
(0.5 0.04 0.16)
(0.5833333333 0.04 0.16)
(0.6666666667 0.04 0.16)
(0.75 0.04 0.16)
(0.8333333333 0.04 0.16)
(0.9166666667 0.04 0.16)
(1 0.04 0.16)
(0.5 0.08 0.16)
(0.5833333333 0.08 0.16)
(0.6666666667 0.08 0.16)
(0.75 0.08 0.16)
(0.8333333333 0.08 0.16)
(0.9166666667 0.08 0.16)
(1 0.08 0.16)
(0.5 0.12 0.16)
(0.5833333333 0.12 0.16)
(0.6666666667 0.12 0.16)
(0.75 0.12 0.16)
(0.8333333333 0.12 0.16)
(0.9166666667 0.12 0.16)
(1 0.12 0.16)
(0.5 0.16 0.16)
(0.5833333333 0.16 0.16)
(0.6666666667 0.16 0.16)
(0.75 0.16 0.16)
(0.8333333333 0.16 0.16)
(0.9166666667 0.16 0.16)
(1 0.16 0.16)
(0.5 0.2 0.16)
(0.5833333333 0.2 0.16)
(0.6666666667 0.2 0.16)
(0.75 0.2 0.16)
(0.8333333333 0.2 0.16)
(0.9166666667 0.2 0.16)
(1 0.2 0.16)
(0.5 0 0.2)
(0.5833333333 0 0.2)
(0.6666666667 0 0.2)
(0.75 0 0.2)
(0.8333333333 0 0.2)
(0.9166666667 0 0.2)
(1 0 0.2)
(0.5 0.04 0.2)
(0.5833333333 0.04 0.2)
(0.6666666667 0.04 0.2)
(0.75 0.04 0.2)
(0.8333333333 0.04 0.2)
(0.9166666667 0.04 0.2)
(1 0.04 0.2)
(0.5 0.08 0.2)
(0.5833333333 0.08 0.2)
(0.6666666667 0.08 0.2)
(0.75 0.08 0.2)
(0.8333333333 0.08 0.2)
(0.9166666667 0.08 0.2)
(1 0.08 0.2)
(0.5 0.12 0.2)
(0.5833333333 0.12 0.2)
(0.6666666667 0.12 0.2)
(0.75 0.12 0.2)
(0.8333333333 0.12 0.2)
(0.9166666667 0.12 0.2)
(1 0.12 0.2)
(0.5 0.16 0.2)
(0.5833333333 0.16 0.2)
(0.6666666667 0.16 0.2)
(0.75 0.16 0.2)
(0.8333333333 0.16 0.2)
(0.9166666667 0.16 0.2)
(1 0.16 0.2)
(0.5 0.2 0.2)
(0.5833333333 0.2 0.2)
(0.6666666667 0.2 0.2)
(0.75 0.2 0.2)
(0.8333333333 0.2 0.2)
(0.9166666667 0.2 0.2)
(1 0.2 0.2)
)

// ************************************************************************* //
